# Matter power spectrum P(k) at redshift z=0
# for k=0.000211077 to 1.07544 h/Mpc,
# number of wavenumbers equal to 523
#    1:k (h/Mpc)              2:P (Mpc/h)^3        
       2.110768650568e-04       7.190571457751e+03 
       2.271295181356e-04       6.220751794006e+03 
       2.436732739105e-04       5.457664584620e+03 
       2.607558210849e-04       4.849390048954e+03 
       2.784284276263e-04       4.359171834869e+03 
       2.967462948817e-04       3.960485210005e+03 
       3.157689293343e-04       3.633860664330e+03 
       3.355605288077e-04       3.364790754837e+03 
       3.561903780485e-04       3.142320313252e+03 
       3.777332462123e-04       2.958078790915e+03 
       4.002697757353e-04       2.805604851341e+03 
       4.238868483229e-04       2.679866757120e+03 
       4.486779092607e-04       2.576917454101e+03 
       4.747432259551e-04       2.493642012465e+03 
       5.021900506301e-04       2.427572049987e+03 
       5.311326506726e-04       2.376745202793e+03 
       5.616921636658e-04       2.339599679748e+03 
       5.939962283864e-04       2.314892441452e+03 
       6.281783389829e-04       2.301635473285e+03 
       6.643768685951e-04       2.299045257826e+03 
       7.027337124927e-04       2.306501456469e+03 
       7.433925112817e-04       2.323513156793e+03 
       7.864964335795e-04       2.349690051569e+03 
       8.321855259392e-04       2.384717583809e+03 
       8.805936756732e-04       2.428334897712e+03 
       9.318452776769e-04       2.480315587283e+03 
       9.860517451620e-04       2.540450221406e+03 
       1.043308049745e-03       2.608531243167e+03 
       1.103689510247e-03       2.684340155485e+03 
       1.167249063218e-03       2.767636449605e+03 
       1.234015234898e-03       2.858150791692e+03 
       1.303990991472e-03       2.955579639801e+03 
       1.377153575283e-03       3.059563039729e+03 
       1.453455348090e-03       3.169732103582e+03 
       1.532825571820e-03       3.285694096078e+03 
       1.615172976869e-03       3.407015948124e+03 
       1.700388909975e-03       3.533244808278e+03 
       1.788350824876e-03       3.663915807167e+03 
       1.878925880169e-03       3.798559242062e+03 
       1.971974435259e-03       3.936708631417e+03 
       2.067353278686e-03       4.077906253281e+03 
       2.164918474298e-03       4.221709140721e+03 
       2.264527761269e-03       4.367693643354e+03 
       2.366042488102e-03       4.515458686268e+03 
       2.469329095115e-03       4.664627757819e+03 
       2.574260183663e-03       4.814850782303e+03 
       2.680715224312e-03       4.965804017157e+03 
       2.788580962068e-03       5.117190102670e+03 
       2.897751576732e-03       5.268737539963e+03 
       3.008128652462e-03       5.420199232301e+03 
       3.119621004418e-03       5.571351804116e+03 
       3.232144403147e-03       5.721993576371e+03 
       3.345621230144e-03       5.871943490651e+03 
       3.459980091216e-03       6.021038816359e+03 
       3.575155408279e-03       6.169135175817e+03 
       3.691087005141e-03       6.316102690860e+03 
       3.807719698565e-03       6.461827782065e+03 
       3.925002902578e-03       6.606207453113e+03 
       4.042890251321e-03       6.749153484050e+03 
       4.161339243692e-03       6.890587613044e+03 
       4.280310911550e-03       7.030440276937e+03 
       4.399769512077e-03       7.168652390671e+03 
       4.519682244152e-03       7.305172259884e+03 
       4.640018987999e-03       7.439953809080e+03 
       4.760752067042e-03       7.572963027374e+03 
       4.881856030659e-03       7.704163085474e+03 
       5.003307456425e-03       7.833530242218e+03 
       5.125084770373e-03       7.961040256040e+03 
       5.247168083838e-03       8.086672384912e+03 
       5.369539045469e-03       8.210420253472e+03 
       5.492180707074e-03       8.332266534332e+03 
       5.615077402034e-03       8.452205262072e+03 
       5.738214635137e-03       8.570230330871e+03 
       5.861578982729e-03       8.686341357241e+03 
       5.985158002208e-03       8.800535071980e+03 
       6.108940149961e-03       8.912812143159e+03 
       6.232914706909e-03       9.023176270043e+03 
       6.357071710940e-03       9.131636197218e+03 
       6.481401895527e-03       9.238192015359e+03 
       6.605896633960e-03       9.342866867373e+03 
       6.730547888617e-03       9.445648650844e+03 
       6.855348164795e-03       9.546548820853e+03 
       6.980290468658e-03       9.645578060235e+03 
       7.105368268902e-03       9.742733418907e+03 
       7.230575461779e-03       9.838070815870e+03 
       7.355906339162e-03       9.931576691616e+03 
       7.481355559356e-03       1.002326929121e+04 
       7.606918120402e-03       1.011318529853e+04 
       7.732589335640e-03       1.020129251497e+04 
       7.858364811307e-03       1.028758219762e+04 
       7.984240426011e-03       1.037214488417e+04 
       8.110212311875e-03       1.045496039202e+04 
       8.236276837226e-03       1.053604567320e+04 
       8.362430590672e-03       1.061541874443e+04 
       8.488670366460e-03       1.069309188312e+04 
       8.614993150983e-03       1.076907999307e+04 
       8.741396110351e-03       1.084340020863e+04 
       8.867876578921e-03       1.091606311425e+04 
       8.994432048712e-03       1.098709379440e+04 
       9.121060159633e-03       1.105650251330e+04 
       9.247758690435e-03       1.112430734871e+04 
       9.374525550355e-03       1.119052145094e+04 
       9.501358771371e-03       1.125516310606e+04 
       9.628256501027e-03       1.131824979195e+04 
       9.755216995790e-03       1.137978944769e+04 
       9.882238614877e-03       1.143980658126e+04 
       1.000931981453e-02       1.149831328834e+04 
       1.013645914270e-02       1.155532689186e+04 
       1.026365523411e-02       1.161086140665e+04 
       1.039090680564e-02       1.166493280449e+04 
       1.051821265208e-02       1.171755764284e+04 
       1.064557164215e-02       1.176875020588e+04 
       1.077298271476e-02       1.181852539675e+04 
       1.090044487560e-02       1.186689928185e+04 
       1.102795719390e-02       1.191389120994e+04 
       1.115551879944e-02       1.195950911123e+04 
       1.128312887975e-02       1.200376887405e+04 
       1.141078667751e-02       1.204668998019e+04 
       1.153849148810e-02       1.208828634543e+04 
       1.166624265732e-02       1.212856908605e+04 
       1.179403957933e-02       1.216755300824e+04 
       1.192188169456e-02       1.220526133373e+04 
       1.204976848799e-02       1.224169626231e+04 
       1.217769948731e-02       1.227687835516e+04 
       1.230567426137e-02       1.231081855965e+04 
       1.243369241868e-02       1.234353720773e+04 
       1.256175360597e-02       1.237504356667e+04 
       1.268985750689e-02       1.240535108543e+04 
       1.281800384082e-02       1.243447807087e+04 
       1.294619236168e-02       1.246243166647e+04 
       1.307442285690e-02       1.248922700388e+04 
       1.320269514644e-02       1.251489008510e+04 
       1.333100908183e-02       1.253941390155e+04 
       1.345936454534e-02       1.256282806163e+04 
       1.358776144921e-02       1.258513787796e+04 
       1.371619973486e-02       1.260636936029e+04 
       1.384467937223e-02       1.262650730774e+04 
       1.397320035917e-02       1.264558465037e+04 
       1.410176272084e-02       1.266361253328e+04 
       1.423036650916e-02       1.268060674228e+04 
       1.435901180234e-02       1.269657713553e+04 
       1.448769870442e-02       1.271152786862e+04 
       1.461642734486e-02       1.272548173075e+04 
       1.474519787819e-02       1.273844081944e+04 
       1.487401048361e-02       1.275043210092e+04 
       1.500286536476e-02       1.276145802329e+04 
       1.513176274941e-02       1.277153085096e+04 
       1.526070288923e-02       1.278066488438e+04 
       1.538968605960e-02       1.278887419222e+04 
       1.551871255940e-02       1.279616236368e+04 
       1.564778271088e-02       1.280255040190e+04 
       1.577689685954e-02       1.280805165976e+04 
       1.590605537401e-02       1.281266460710e+04 
       1.603525864602e-02       1.281641061791e+04 
       1.616450709031e-02       1.281930143843e+04 
       1.629380114462e-02       1.282134330972e+04 
       1.642314126970e-02       1.282255145041e+04 
       1.655252794932e-02       1.282293072920e+04 
       1.668196169032e-02       1.282250576442e+04 
       1.681144302268e-02       1.282127739450e+04 
       1.694097249957e-02       1.281926087315e+04 
       1.707055069751e-02       1.281646205208e+04 
       1.720017821647e-02       1.281289236483e+04 
       1.732985568000e-02       1.280855890454e+04 
       1.745958373543e-02       1.280349154279e+04 
       1.758936305402e-02       1.279768351544e+04 
       1.771919433120e-02       1.279114671682e+04 
       1.784907828675e-02       1.278390541812e+04 
       1.797901566508e-02       1.277594043094e+04 
       1.810900723548e-02       1.276727923336e+04 
       1.823905379239e-02       1.275794568758e+04 
       1.836915615570e-02       1.274793640960e+04 
       1.849931517106e-02       1.273725322152e+04 
       1.862953171025e-02       1.272592703101e+04 
       1.875980667147e-02       1.271394855463e+04 
       1.889014097977e-02       1.270133835183e+04 
       1.902053558741e-02       1.268809354103e+04 
       1.915099147428e-02       1.267425702847e+04 
       1.928150964833e-02       1.265979164598e+04 
       1.941209114601e-02       1.264474434784e+04 
       1.954273703273e-02       1.262911042024e+04 
       1.967344840337e-02       1.261289038427e+04 
       1.980422638278e-02       1.259610554143e+04 
       1.993507212628e-02       1.257876801333e+04 
       2.006598682025e-02       1.256086035827e+04 
       2.019697168267e-02       1.254242671659e+04 
       2.032802796371e-02       1.252346470671e+04 
       2.045915694637e-02       1.250398472417e+04 
       2.059035994706e-02       1.248397400209e+04 
       2.072163831632e-02       1.246347607344e+04 
       2.085299343945e-02       1.244247152239e+04 
       2.098442673723e-02       1.242099326151e+04 
       2.111593966666e-02       1.239902806987e+04 
       2.124753372170e-02       1.237658611355e+04 
       2.137921043402e-02       1.235369304594e+04 
       2.151097137385e-02       1.233033825772e+04 
       2.164281815079e-02       1.230655706401e+04 
       2.177475241465e-02       1.228232335749e+04 
       2.190677585637e-02       1.225768054159e+04 
       2.203889020889e-02       1.223258598980e+04 
       2.217109724812e-02       1.220710852787e+04 
       2.230339879392e-02       1.218124254319e+04 
       2.243579671109e-02       1.215493050211e+04 
       2.256829291040e-02       1.212825572328e+04 
       2.270088934969e-02       1.210119956492e+04 
       2.283358803495e-02       1.207377548052e+04 
       2.296639102146e-02       1.204600090252e+04 
       2.309930041499e-02       1.201783409150e+04 
       2.323231837298e-02       1.198932743991e+04 
       2.336544710583e-02       1.196047519643e+04 
       2.349868887817e-02       1.193132773218e+04 
       2.363204601021e-02       1.190183424440e+04 
       2.376552087910e-02       1.187199532181e+04 
       2.389911592037e-02       1.184185722439e+04 
       2.403283362941e-02       1.181143989685e+04 
       2.416667656294e-02       1.178069309256e+04 
       2.430064734065e-02       1.174965680177e+04 
       2.443474864673e-02       1.171834056164e+04 
       2.456898323162e-02       1.168673857785e+04 
       2.470335391369e-02       1.165487747267e+04 
       2.483786358103e-02       1.162275420232e+04 
       2.497251519333e-02       1.159036363644e+04 
       2.510731178370e-02       1.155773615796e+04 
       2.524225646072e-02       1.152484644575e+04 
       2.537735241043e-02       1.149168115813e+04 
       2.551260289844e-02       1.145834208036e+04 
       2.564801127212e-02       1.142478039431e+04 
       2.578358096282e-02       1.139096840435e+04 
       2.591931548819e-02       1.135693478114e+04 
       2.605521845464e-02       1.132271230177e+04 
       2.619129355975e-02       1.128824594475e+04 
       2.632754459491e-02       1.125356076016e+04 
       2.646397544794e-02       1.121870580221e+04 
       2.660059010589e-02       1.118375762879e+04 
       2.673739265785e-02       1.114852759073e+04 
       2.687438729796e-02       1.111317960401e+04 
       2.701157832844e-02       1.107769682507e+04 
       2.714897016276e-02       1.104202529335e+04 
       2.728656732899e-02       1.100620104662e+04 
       2.742437447314e-02       1.097017907687e+04 
       2.756239636276e-02       1.093403003704e+04 
       2.770063789057e-02       1.089771558904e+04 
       2.783910407830e-02       1.086132395049e+04 
       2.797780008061e-02       1.082473572980e+04 
       2.811673118923e-02       1.078805009597e+04 
       2.825590283720e-02       1.075123313281e+04 
       2.839532060331e-02       1.071431163903e+04 
       2.853499021666e-02       1.067726302516e+04 
       2.867491756147e-02       1.064016372160e+04 
       2.881510868206e-02       1.060287379963e+04 
       2.895556978797e-02       1.056551059745e+04 
       2.909630725935e-02       1.052806141429e+04 
       2.923732765257e-02       1.049049551397e+04 
       2.937863770597e-02       1.045287661272e+04 
       2.952024434601e-02       1.041512646116e+04 
       2.966215469347e-02       1.037734963871e+04 
       2.980437607009e-02       1.033947201826e+04 
       2.994691600539e-02       1.030154164723e+04 
       3.008978224379e-02       1.026354392497e+04 
       3.023298275206e-02       1.022547059667e+04 
       3.037652572708e-02       1.018734477813e+04 
       3.052041960393e-02       1.014910083619e+04 
       3.066467306437e-02       1.011091627696e+04 
       3.080929504562e-02       1.007262899940e+04 
       3.095429474961e-02       1.003425911207e+04 
       3.109968165262e-02       9.995914636203e+03 
       3.124546551534e-02       9.957449971057e+03 
       3.139165639343e-02       9.918940474279e+03 
       3.153826464850e-02       9.880472034570e+03 
       3.168530095973e-02       9.841937086757e+03 
       3.183277633587e-02       9.803398642464e+03 
       3.198070212796e-02       9.764835161054e+03 
       3.212909004259e-02       9.726227585083e+03 
       3.227795215580e-02       9.687557545200e+03 
       3.242730092769e-02       9.648945765371e+03 
       3.257714921774e-02       9.610295241627e+03 
       3.272751030092e-02       9.571605061882e+03 
       3.287839788454e-02       9.532935999067e+03 
       3.302982612607e-02       9.494246790703e+03 
       3.318180965177e-02       9.455521476071e+03 
       3.333436357638e-02       9.416828312870e+03 
       3.348750352379e-02       9.378123135914e+03 
       3.364124564881e-02       9.339425893371e+03 
       3.379560666017e-02       9.300710163660e+03 
       3.395060384466e-02       9.262042057189e+03 
       3.410625509272e-02       9.223339450422e+03 
       3.426257892537e-02       9.184629808284e+03 
       3.441959452265e-02       9.145991722284e+03 
       3.457732175373e-02       9.107307136057e+03 
       3.473578120867e-02       9.068665917174e+03 
       3.489499423212e-02       9.029989119821e+03 
       3.505498295889e-02       8.991384459363e+03 
       3.521577035171e-02       8.952740342293e+03 
       3.537738024124e-02       8.914165070735e+03 
       3.553983736847e-02       8.875542612458e+03 
       3.570316742982e-02       8.836982778061e+03 
       3.586739712494e-02       8.798429107103e+03 
       3.603255420758e-02       8.759915345531e+03 
       3.619866753973e-02       8.721379223713e+03 
       3.636576714919e-02       8.682892961275e+03 
       3.653388429094e-02       8.644415798546e+03 
       3.670305151263e-02       8.605972507519e+03 
       3.687330272434e-02       8.567479125337e+03 
       3.704467327321e-02       8.529046738038e+03 
       3.721720002312e-02       8.490666666425e+03 
       3.739092144002e-02       8.452292816102e+03 
       3.756587768318e-02       8.413905046893e+03 
       3.774211070315e-02       8.375591992898e+03 
       3.791966434667e-02       8.337198359436e+03 
       3.809858446945e-02       8.298910431303e+03 
       3.827891905738e-02       8.260620561742e+03 
       3.846071835682e-02       8.222325657510e+03 
       3.864403501512e-02       8.184087669503e+03 
       3.882892423197e-02       8.145787697042e+03 
       3.901544392282e-02       8.107578304415e+03 
       3.920365489553e-02       8.069292685055e+03 
       3.939362104137e-02       8.031059779596e+03 
       3.958540954197e-02       7.992848393531e+03 
       3.977909109375e-02       7.954610315728e+03 
       3.997474015160e-02       7.916394543217e+03 
       4.017243519381e-02       7.878124771312e+03 
       4.037225901054e-02       7.839911592814e+03 
       4.057429901833e-02       7.801639701928e+03 
       4.077864760338e-02       7.763410193242e+03 
       4.098540249702e-02       7.725133612709e+03 
       4.119466718682e-02       7.686823652867e+03 
       4.140655136743e-02       7.648505651593e+03 
       4.162117143595e-02       7.610174075579e+03 
       4.183865103696e-02       7.571833577556e+03 
       4.205912166338e-02       7.533423679926e+03 
       4.228272331991e-02       7.494944179461e+03 
       4.250960525710e-02       7.456478948359e+03 
       4.273992678499e-02       7.417939829536e+03 
       4.297385817680e-02       7.379356558755e+03 
       4.321158167475e-02       7.340672807457e+03 
       4.345329261181e-02       7.301933064695e+03 
       4.369920066575e-02       7.263142299481e+03 
       4.394953126405e-02       7.224209819104e+03 
       4.420452716177e-02       7.185214304846e+03 
       4.446445021811e-02       7.146084984414e+03 
       4.472958340162e-02       7.106844456047e+03 
       4.500023305983e-02       7.067530310224e+03 
       4.527673149517e-02       7.028034580876e+03 
       4.555943989710e-02       6.988407668207e+03 
       4.584875168967e-02       6.948583377979e+03 
       4.614509636566e-02       6.908589419705e+03 
       4.644894389202e-02       6.868408651384e+03 
       4.676080978935e-02       6.828039505694e+03 
       4.708126100916e-02       6.787388479342e+03 
       4.741092275926e-02       6.746515105903e+03 
       4.775048646076e-02       6.705341573582e+03 
       4.810071906120e-02       6.663870319245e+03 
       4.846247398006e-02       6.622067616854e+03 
       4.883670402774e-02       6.579889471632e+03 
       4.922447672154e-02       6.537313056505e+03 
       4.962699252567e-02       6.494334106509e+03 
       5.004560667532e-02       6.450806019296e+03 
       5.048185541268e-02       6.406756707402e+03 
       5.093748767809e-02       6.362101684925e+03 
       5.141450357285e-02       6.316787218314e+03 
       5.191520125778e-02       6.270762730742e+03 
       5.244223438873e-02       6.223801539926e+03 
       5.299868273422e-02       6.175969931073e+03 
       5.358813927854e-02       6.126995872228e+03 
       5.421481787698e-02       6.076773863188e+03 
       5.488368633895e-02       6.025117447019e+03 
       5.560063050949e-02       5.971712805303e+03 
       5.637265512622e-02       5.916206326196e+03 
       5.720812615595e-02       5.858429546654e+03 
       5.811705537653e-02       5.797482224818e+03 
       5.911141815305e-02       5.732919062876e+03 
       6.020547429096e-02       5.663741882575e+03 
       6.141602088197e-02       5.588665976611e+03 
       6.276243382491e-02       5.506084030027e+03 
       6.426624373645e-02       5.413626441339e+03 
       6.594986130258e-02       5.308635176383e+03 
       6.783401208258e-02       5.187557690217e+03 
       6.993368832193e-02       5.046631409104e+03 
       7.225325715670e-02       4.882608493541e+03 
       7.478266453344e-02       4.693678709088e+03 
       7.749731485831e-02       4.480806086203e+03 
       8.036268718726e-02       4.248534421767e+03 
       8.334165201108e-02       4.004524017420e+03 
       8.640085694290e-02       3.758120988294e+03 
       8.951398081153e-02       3.518932481499e+03 
       9.266206528321e-02       3.295361627057e+03 
       9.583227809891e-02       3.093570766887e+03 
       9.901628091259e-02       2.917265670639e+03 
       1.022087949468e-01       2.767666912350e+03 
       1.054065324345e-01       2.643803394216e+03 
       1.086074661241e-01       2.542976500649e+03 
       1.118103535677e-01       2.461253345987e+03 
       1.150144360071e-01       2.393855191182e+03 
       1.182192509694e-01       2.335754745296e+03 
       1.214245168072e-01       2.281978076819e+03 
       1.246300619950e-01       2.228208139697e+03 
       1.278357819925e-01       2.170975072179e+03 
       1.310416129819e-01       2.108035103400e+03 
       1.342475159011e-01       2.038409367265e+03 
       1.374534667413e-01       1.962408224772e+03 
       1.406594506549e-01       1.881424229153e+03 
       1.438654583760e-01       1.797528125387e+03 
       1.470714840470e-01       1.713284992760e+03 
       1.502775238973e-01       1.631244113805e+03 
       1.534835754393e-01       1.553706211340e+03 
       1.566896369803e-01       1.482483579688e+03 
       1.598957073235e-01       1.418869232326e+03 
       1.631017855858e-01       1.363404240022e+03 
       1.663078710867e-01       1.316020302498e+03 
       1.695139632786e-01       1.276134097903e+03 
       1.727200617048e-01       1.242685388025e+03 
       1.759261659720e-01       1.214293135818e+03 
       1.791322757339e-01       1.189483373157e+03 
       1.823383906801e-01       1.166711356464e+03 
       1.855445105284e-01       1.144795594922e+03 
       1.887506350201e-01       1.122197620074e+03 
       1.919567639166e-01       1.098004454520e+03 
       1.951628969966e-01       1.071618550139e+03 
       1.983690340540e-01       1.042913461973e+03 
       2.015751748967e-01       1.012131136273e+03 
       2.047813193450e-01       9.798680718084e+02 
       2.079874672305e-01       9.468776846068e+02 
       2.111936183952e-01       9.139875430381e+02 
       2.143997726909e-01       8.820027262176e+02 
       2.176059299781e-01       8.515577024445e+02 
       2.208120901255e-01       8.231941196481e+02 
       2.240182530093e-01       7.972582453330e+02 
       2.272244185130e-01       7.739153641835e+02 
       2.304305865264e-01       7.531670973709e+02 
       2.336367569454e-01       7.348703067194e+02 
       2.368429296718e-01       7.187232590251e+02 
       2.400491046125e-01       7.042977901821e+02 
       2.432552816792e-01       6.911559998903e+02 
       2.464614607886e-01       6.787559700621e+02 
       2.496676418615e-01       6.666477664042e+02 
       2.528738248226e-01       6.544454250006e+02 
       2.560800096006e-01       6.418732559114e+02 
       2.592861961277e-01       6.287744209990e+02 
       2.624923843394e-01       6.150772550793e+02 
       2.656985741744e-01       6.008373103505e+02 
       2.689047655743e-01       5.861661719972e+02 
       2.721109584833e-01       5.712646762417e+02 
       2.753171528486e-01       5.563588182499e+02 
       2.785233486195e-01       5.417137814242e+02 
       2.817295457478e-01       5.275665461905e+02 
       2.849357441873e-01       5.141306017651e+02 
       2.881419438941e-01       5.015460097820e+02 
       2.913481448261e-01       4.898887107831e+02 
       2.945543469431e-01       4.791553282500e+02 
       2.977605502066e-01       4.692935906413e+02 
       3.009667545797e-01       4.601987486365e+02 
       3.041729600273e-01       4.517465252553e+02 
       3.073791665154e-01       4.437930995340e+02 
       3.105853740117e-01       4.361919589226e+02 
       3.137915824852e-01       4.288090888921e+02 
       3.169977919060e-01       4.215102932100e+02 
       3.202040022456e-01       4.142006680188e+02 
       3.234102134764e-01       4.067996977989e+02 
       3.266164255721e-01       3.992684634349e+02 
       3.298226385075e-01       3.916193132752e+02 
       3.330288522580e-01       3.838935449389e+02 
       3.362350668003e-01       3.761485144837e+02 
       3.394412821118e-01       3.684556055019e+02 
       3.426474981708e-01       3.608873442443e+02 
       3.458537149565e-01       3.535034275705e+02 
       3.490599324488e-01       3.463680761406e+02 
       3.522661506282e-01       3.395172185440e+02 
       3.554723694760e-01       3.329893290595e+02 
       3.586785889744e-01       3.267995932216e+02 
       3.618848091058e-01       3.209461477009e+02 
       3.650910298536e-01       3.154027367384e+02 
       3.682972512016e-01       3.101397660423e+02 
       3.715034731342e-01       3.050998300837e+02 
       3.747096956363e-01       3.002310453881e+02 
       3.779159186933e-01       2.954870881523e+02 
       3.811221422912e-01       2.908265711713e+02 
       3.843283664165e-01       2.862170233432e+02 
       3.875345910558e-01       2.816425898606e+02 
       3.907408161967e-01       2.770914951987e+02 
       3.939470418267e-01       2.725561174577e+02 
       3.971532679339e-01       2.680401892437e+02 
       4.003594945069e-01       2.635516933448e+02 
       4.035657215345e-01       2.591054562954e+02 
       4.067719490060e-01       2.547204778363e+02 
       4.099781769107e-01       2.504216525509e+02 
       4.131844052387e-01       2.462307627742e+02 
       4.163906339802e-01       2.421560558156e+02 
       4.195968631255e-01       2.382107206996e+02 
       4.228030926655e-01       2.343948331615e+02 
       4.260093225913e-01       2.307095779584e+02 
       4.292155528941e-01       2.271444833334e+02 
       4.324217835656e-01       2.236973119148e+02 
       4.356280145975e-01       2.203602933695e+02 
       4.388342459820e-01       2.171169873762e+02 
       4.420404777113e-01       2.139678192954e+02 
       4.452467097780e-01       2.108914934446e+02 
       4.484529421748e-01       2.078676880652e+02 
       4.516591748946e-01       2.048910027965e+02 
       4.548654079307e-01       2.019546857270e+02 
       4.580716412762e-01       1.990511581318e+02 
       4.612778749249e-01       1.961773046214e+02 
       4.644841088703e-01       1.933374752752e+02 
       4.676903431063e-01       1.905320288732e+02 
       4.708965776270e-01       1.877680837194e+02 
       4.741028124266e-01       1.850446779318e+02 
       4.773090474994e-01       1.823724765359e+02 
       4.805152828400e-01       1.797460128843e+02 
       4.837215184430e-01       1.771784855089e+02 
       4.869277543033e-01       1.746730338292e+02 
       4.901339904156e-01       1.722342340018e+02 
       4.933402267752e-01       1.698623273852e+02 
       4.965464633772e-01       1.675511903401e+02 
       5.169892805396e-01       1.539756576315e+02 
       5.391661475221e-01       1.407523238793e+02 
       5.634700813479e-01       1.279428178255e+02 
       5.904523897198e-01       1.156925273009e+02 
       6.209171167289e-01       1.036638761508e+02 
       6.560940568843e-01       9.188911855835e+01 
       6.979778960953e-01       8.015124639198e+01 
       7.500462164741e-01       6.830605929938e+01 
       8.189016415630e-01       5.609042903560e+01 
       9.181483405161e-01       4.327513137194e+01 
       1.075440869953e+00       3.009144455396e+01 
